[93,119,379,671]
[235,45,440,681]
[144,97,509,727]
[198,221,471,608]
[204,25,500,716]
[54,79,486,521]
[118,0,682,856]
[114,171,669,719]
[170,28,574,708]
[174,594,72,272]
[85,210,617,617]
[134,228,467,347]
[49,0,605,649]
[204,58,438,498]
[114,55,310,562]
[255,55,312,564]
[221,47,384,586]
[118,173,476,566]
[168,267,476,396]
[117,28,537,536]
[129,113,464,527]
[41,276,630,585]
[133,173,527,504]
[115,66,436,619]
[104,240,545,579]
[85,373,521,313]
[96,57,386,539]
[84,38,558,517]
[84,0,605,619]
[108,20,416,570]
[99,17,633,613]
[63,221,612,338]
[97,69,349,373]
[106,60,390,470]
[151,283,396,202]
[112,138,430,467]
[128,329,448,277]
[136,304,431,319]
[138,251,431,429]
[109,214,498,429]
[161,46,226,586]
[195,242,354,227]
[49,0,605,649]
[197,22,512,721]
